197 
==========================================================================================
323 322 321 320 319 317 316 314 313 185 56 310 309 308 307 179 178 304 303 300 297 169 168 295 304 22 277 151 279 302 
==========================================================================================
175 176 49 271 398 397 296 49 277 297 298 299 172 45 273 274 147 148 149 298 137 392 138 11 173 301 47 302 398 304 
==========================================================================================
396 303 145 272 168 146 171 271 174 145 273 152 280 305 268 304 399 296 147 304 267 300 276 168 275 173 264 136 262 261 
==========================================================================================
388 387 132 386 131 278 298 274 175 269 299 398 305 267 303 297 391 168 398 280 264 295 22 170 269 304 138 301 273 44 
==========================================================================================
136 174 148 295 145 175 271 399 272 308 270 304 395 305 139 304 141 305 265 178 106 362 108 109 237 110 238 239 367 113 
==========================================================================================
368 114 242 115 243 189 362 314 315 362 190 318 246 372 244 315 61 362 310 361 233 105 359 358 357 229 101 227 354 353 
==========================================================================================
225 351 222 93 346 347 170 144 169 142 397 175 273 296 150 274 169 176 272 171 221 170 136 304 142 305 11 266 304 143 
==========================================================================================
173 144 176 361 312 362 182 359 300 46 147 168 305 266 306 362 191 373 314 234 302 147 40 134 265 169 220 293 165 292 
==========================================================================================
36 163 289 34 326 199 327 200 201 329 203 204 332 206 334 335 208 81 209 82 210 211 339 340 214 342 88 89 217 90 
==========================================================================================
346 168 388 281 384 383 255 381 125 252 324 376 249 122 250 378 320 370 317 190 369 316 372 187 361 304 271 44 220 292 
==========================================================================================
333 207 80 335 40 220 294 389 153 22 147 171 276 45 106 175 395 180 106 177 49 272 280 384 130 385 281 381 88 382 
==========================================================================================
154 256 216 260 11 307 142 44 221 300 360 311 361 308 237 309 234 303 171 222 170 278 146 175 136 305 394 304 397 274 
==========================================================================================
170 220 295 167 39 208 256 283 254 73 251 322 376 248 375 247 119 313 234 189 372 65 192 246 315 368 316 373 315 361 
==========================================================================================
317 240 191 247 316 245 317 235 309 398 258 151 297 272 269 308 173 394 259 277 298 22 41 133 138 305 137 264 389 345 
==========================================================================================
388 344 383 150 302 307 362 311 366 192 242 318 120 192 312 232 309 366 55 143 175 272 305 140 299 220 298 275 175 306 
==========================================================================================
392 137 345 390 89 382 151 273 303 109 189 244 371 243 62 361 191 369 320 247 321 66 193 122 142 173 169 24 385 272 
==========================================================================================
39 205 76 330 254 279 152 124 192 106 64 58 308 271 45 23 295 261 216 383 75 289 328 33 160 201 381 280 321 249 
==========================================================================================
270 305 396 181 362 56 110 184 105 173 390 305 269 250 191 313 362 57 65 362 178 263 89 385 25 145 173 274 303 142 
==========================================================================================
246 311 173 221 45 136 343 384 155 126 74 286 285 284 29 253 329 373 313 231 173 307 237 191 234 107 173 136 171 144 
==========================================================================================
304 140 131 258 217 391 305 48 142 91 135 343 253 72 127 155 130 217 384 209 291 206 79 290 202 118 373 186 317 362 
==========================================================================================
55 173 22 62 371 192 376 190 232 178 177 109 360 65 152 194 279 193 310 396 258 275 299 96 170 276 298 350 170 397 
==========================================================================================
396 176 398 254 145 376 316 118 187 362 58 120 273 298 94 170 152 197 71 326 377 61 107 320 184 362 59 244 308 394 
==========================================================================================
387 344 127 158 203 117 320 106 190 243 308 47 143 154 26 153 319 185 362 179 264 304 273 308 235 304 110 305 392 304 
==========================================================================================
241 305 235 306 267 386 216 259 85 386 143 245 192 109 174 273 56 364 105 320 111 310 246 119 312 237 305 264 215 389 
==========================================================================================
343 387 266 394 309 362 60 120 316 361 363 267 172 278 255 143 376 63 362 316 246 73 255 268 395 140 170 24 194 362 
==========================================================================================
186 146 118 147 300 172 222 174 144 376 325 281 251 252 279 296 260 204 160 287 330 245 64 281 255 215 256 90 388 44 
==========================================================================================
184 111 179 302 53 362 54 309 141 268 306 241 176 145 120 311 141 123 72 245 189 117 327 116 76 244 191 231 308 299 
==========================================================================================
274 301 112 366 54 115 62 59 246 273 167 209 293 39 264 306 366 304 11 179 136 88 391 282 155 283 202 74 129 73 
==========================================================================================
162 80 168 277 59 122 316 119 309 238 359 63 367 192 362 183 320 231 55 321 154 380 329 367 302 273 173 271 241 191 
==========================================================================================
232 237 311 11 128 216 257 289 385 258 161 383 199 384 163 328 109 307 193 103 314 249 248 187 45 277 40 170 261 138 
==========================================================================================
308 274 278 67 361 189 360 191 239 304 272 375 316 123 139 55 174 396 175 47 182 268 184 358 64 362 318 186 377 58 
==========================================================================================
119 191 365 183 112 176 395 235 302 276 295 274 247 148 298 151 384 270 50 111 53 365 306 116 204 368 179 237 313 361 
==========================================================================================
61 378 251 393 217 255 375 143 397 305 239 77 242 317 116 197 117 147 175 270 168 138 175 267 307 392 181 267 177 369 
==========================================================================================
180 362 188 118 189 150 170 145 171 273 297 97 303 42 278 282 199 381 159 257 324 362 193 102 51 136 218 388 212 132 
==========================================================================================
203 125 73 114 63 22 42 92 299 366 104 356 11 124 188 143 218 262 339 260 333 75 33 331 133 78 166 277 199 382 
==========================================================================================
68 196 111 68 22 91 298 57 103 230 192 104 179 109 178 136 177 113 46 142 174 297 387 212 378 266 369 176 266 235 
==========================================================================================
307 139 172 366 58 273 141 175 399 59 186 80 369 112 331 115 71 130 215 391 89 134 218 259 326 257 344 254 122 207 
==========================================================================================
202 288 199 126 73 81 184 229 52 268 313 186 119 395 113 176 142 172 183 118 369 304 240 319 106 191 363 308 119 180 
==========================================================================================
136 89 279 295 42 207 161 288 73 245 242 303 268 122 373 146 274 158 196 231 177 265 379 202 372 62 362 195 322 308 
==========================================================================================
141 218 399 173 276 296 205 389 174 110 359 184 235 360 193 54 357 65 243 304 109 191 118 62 122 139 234 140 394 132 
==========================================================================================
90 163 82 327 280 27 324 245 276 58 376 397 171 43 366 332 204 157 150 193 305 364 356 193 153 71 289 208 74 370 
==========================================================================================
70 22 376 151 156 126 377 316 248 127 201 153 129 216 380 123 140 272 44 148 300 58 82 182 364 11 309 120 76 240 
==========================================================================================
305 143 176 394 182 104 323 253 74 240 55 110 101 66 50 365 11 310 270 180 231 56 119 310 120 398 144 399 174 398 
==========================================================================================
48 302 237 75 243 305 182 67 128 257 200 336 166 146 247 129 85 258 337 309 142 249 333 241 335 329 251 314 59 395 
==========================================================================================
258 286 254 68 232 183 137 87 261 217 144 299 221 46 262 88 277 162 129 195 121 318 126 30 201 244 68 240 144 115 
==========================================================================================
48 113 62 105 101 111 191 245 186 26 281 200 370 271 22 64 359 51 265 304 362 308 142 49 168 143 174 272 299 143 
==========================================================================================
243 311 193 359 187 207 373 240 176 350 171 274 174 221 163 102 231 113 47 114 332 182 119 311 265 214 264 125 158 124 
==========================================================================================
200 258 144 341 342 391 341 56 113 54 338 199 129 90 381 63 59 361 182 80 57 392 134 175 142 306 305 225 64 93 
==========================================================================================
347 302 109 180 250 73 291 129 88 134 101 390 306 269 182 208 164 150 159 123 211 168 273 160 150 161 209 187 246 74 
==========================================================================================
388 11 55 248 143 119 78 330 369 317 232 313 109 285 76 291 130 89 131 255 269 377 184 118 61 236 108 172 11 188 
==========================================================================================
273 299 113 191 103 197 69 196 277 167 146 22 325 71 132 127 27 42 148 373 60 141 396 179 52 235 178 211 133 305 
==========================================================================================
121 25 216 255 195 233 310 138 184 364 179 267 309 139 184 100 238 202 206 112 178 108 140 81 68 360 363 11 118 80 
==========================================================================================
389 44 47 220 34 217 143 110 58 122 318 113 205 132 326 163 130 336 64 322 106 197 278 284 23 171 149 170 146 300 
==========================================================================================
241 317 117 370 76 34 148 41 220 22 372 180 42 302 270 177 376 334 290 80 296 308 266 127 249 267 310 235 180 337 
==========================================================================================
384 67 155 331 116 199 71 230 193 106 62 366 180 247 11 316 392 252 89 254 33 288 93 193 358 103 184 388 203 257 
==========================================================================================
157 254 204 232 65 320 362 107 191 83 72 284 121 182 46 398 150 285 31 236 54 116 337 291 72 54 119 111 304 237 
==========================================================================================
45 148 198 104 191 101 282 332 156 69 103 300 222 44 112 246 186 11 182 250 58 107 141 179 133 55 197 215 122 52 
==========================================================================================
307 304 135 207 241 373 147 170 106 65 80 382 90 385 83 52 119 145 213 131 133 307 106 310 244 316 268 175 398 181 
==========================================================================================
268 318 213 136 263 135 84 70 357 165 150 293 35 127 350 193 320 248 186 118 315 234 76 383 120 305 273 139 175 144 
==========================================================================================
149 40 256 194 103 313 86 214 87 260 308 386 75 389 354 264 184 57 312 109 229 156 280 166 161 236 32 287 78 164 
==========================================================================================
229 293 212 392 310 87 277 247 238 269 48 266 79 178 364 158 378 185 113 11 131 90 380 85 340 191 112 302 180 141 
==========================================================================================
111 192 184 86 71 211 124 311 136 391 343 215 131 82 191 235 175 390 308 88 279 167 173 272 296 111 368 190 361 78 
==========================================================================================
58 121 270 142 87 280 88 320 92 176 110 248 86 44 91 271 301 46 300 273 176 83 74 117 73 384 246 172 91 154 
==========================================================================================
189 392 180 118 130 52 263 98 353 111 67 101 184 69 22 149 92 285 253 161 171 148 43 136 186 121 49 270 306 397 
==========================================================================================
45 147 347 184 119 57 208 337 184 77 262 184 104 53 97 258 196 358 333 132 183 394 247 155 109 305 385 326 202 116 
==========================================================================================
62 242 100 73 256 69 143 48 138 56 359 325 106 206 381 73 115 191 196 93 192 361 395 309 123 58 118 148 319 362 
==========================================================================================
305 97 232 70 155 71 245 188 45 233 191 355 365 120 304 210 268 48 120 